single point
     fsed_oxy1                      30.33179875153638   -1.000000000000000    0.000000000000000
     fsed_oxy2                      18.33995016351665   -1.000000000000000    0.000000000000000
     fsed_oxy3                      11.27437907196032   -1.000000000000000    0.000000000000000
     fsed_oxy4                      12.51679495174718   -1.000000000000000    0.000000000000000
      ksed_oxy                      33.70992183856151    1.000000000000000    0.000000000000000
     thsed_oxy                      1.104420727921303    1.000000000000000    0.000000000000000
        rch4ox                      0.2500000000000000    1.000000000000000    0.000000000000000
        kch4ox                      5.000000000000000    1.000000000000000    0.000000000000000
       vtch4ox                      1.080000000000000    1.000000000000000    0.000000000000000
     rpoc_resp                      0.0001000000000000000    1.000000000000000    0.000000000000000
    theta_pocr                      1.130000000000000    1.000000000000000    0.000000000000000
    kpocox_sed                      1.000000000000000    1.000000000000000    0.000000000000000
     diff_coef                      5.000000000000000e-11    1.000000000000000    0.000000000000000
           phi                      0.3000000000000000    1.000000000000000    0.000000000000000
         sed_z                      0.01000000000000000    1.000000000000000    0.000000000000000
         z_dbl                      0.001000000000000000    1.000000000000000    0.000000000000000
       rch4oxs                      0.003000000000000000    1.000000000000000    0.000000000000000
       kch4oxs                      0.001000000000000000    1.000000000000000    0.000000000000000
  theta_ch4oxs                      1.050000000000000    1.000000000000000    0.000000000000000
     gamma_max                      0.7000000000000000    1.000000000000000    0.000000000000000
   kch4ox_diff                      18.00000000000000    1.000000000000000    0.000000000000000
